
BCOT:
Sharpe
[0.9757 1.0623 0.8723 0.9675 0.8431 0.9344 1.0338 0.7458 0.8087 1.0062]
Sortino
[2.3992 2.8761 2.1089 2.5307 1.9856 2.4532 2.854  1.7675 1.8965 2.5959]
Terminal wealth
[16572. 16778. 16000. 16200. 15876. 16333. 17082. 15163. 15398. 17029.]

OT:
Sharpe
[0.9089 0.9088 0.7978 0.8788 0.7127 0.8117 0.9179 1.0989 0.7466 0.9998]
Sortino
[2.2064 2.2059 1.9054 2.0454 1.6735 1.8986 2.3175 2.9601 1.8301 2.4457]
Terminal wealth
[15988. 15988. 15300. 15605. 14590. 15411. 15992. 16757. 14623. 17175.]

KL:
Sharpe
[0.909  0.9091 0.8972 0.8972 0.909  0.897  0.8969 0.8968 0.8967 0.8967]
Sortino
[2.2071 2.2065 2.1591 2.1591 2.2054 2.1581 2.1577 2.1572 2.1567 2.1564]
Terminal wealth
[15988. 15989. 15914. 15914. 15990. 15914. 15913. 15913. 15912. 15913.]